;the below defines a list of intervals on Tarsh (17 tone per octave in JI)
 <
 @ frets ;define frets
 [[48 48] [57 54] [60 55] [63 56] [57 48] [81 66] [81 64]
 [64 48] [72 51] [80 55] [72 48]
 [95 60] [90 55] [81 48] [96 54] [96 51] [64 33]
 [96 48] [114 54] [120 55] [126 56] [114 48] [108 44] [81 32]
 [88 33] [96 34] [96 33] [120 40]
 [114 36] [108 33] [108 32] [96 27] [64 17] [128 33]]
 >

 ;in reduced, unscaled form
  <
  @ frets_reduced ;define frets
  [[1 1] [19 18] [12 11] [9 8] [19 16] [27 22] [81 64]
  [4 3] [24 17] [16 11] [3 2]
  [19 12] [18 11] [27 16] [16 9] [32 17] [64 33]
  [2 1] [19 9] [24 11] [9 4] [19 8] [27 11] [81 32]
  [8 3] [48 17] [32 11] [3 1]
  [19 6] [36 11] [27 8] [32 9] [64 17] [128 33]]
  >
